IMG_20220108_104701
          15 113639
          23 111127
          30 102109
             102956
             124048
        0202 131324
          12 104025
             171803
          13 155218
        0303 173215
          07 151414
          08 162237
          12 135748
          12 143110
          13 105307
          20 140512
          24 153239
          27 163956
               4134
               4537
          28 173136
          29 141024
        0408 162527
          10 095043
          15 135145
             141100
               1711
          16 104221
             142852
             153006
               3155
             192203
          17 110002
             165130
             174458
          18 135348
             161916
          19 104840
          23 114756
          29 182754
        0508 153325
                 50
               5945
          10 180650
          19 180224
          21 170323
               4855
               5300
          22 113456
          23 094620
               5844
               5917
          24 101731
               2015
               3511
             141906
          25 105954
          26 113342
               5719
             173038
          27 125644
             130340
          28 103855
               5533
               5815
             114515
             122444
          29 104601
             141415
        0609 162855
          11 154427
          12 162704
          16 094355
                 56
          23 154749
          28 200223
          30 113733
             145345
                 51
               5527
        0702 141755
             180203
             192343
               2917
          09 172953
             180032
          16 165825
          21 080626
          24 141925
        0805 191842
          06 114015
             143046
             172341
          13 175311
          15 121458
          16 165050
             174512
             182124
          17 105802
          18 171500
          19 125434
             130042
               4456
               4938
             141529
               2251
             175530
               5700
             183143
          20 163416
          21 154009
               5106
          27 142759
        0901 164147
          03 113641
          04 100459
             155105
          14 173452
          21 184758
          24 141728
          29 175840
        1001 141436
          03 100958
          08 173615
             194745
          13 170529
          16 142739
          22 103003
               4302
               4531
             120724
             142331
          27 171410
               1734
          30 124534
             131334
        1105 143450
          06 105336
          11 170957
          26 112102
             154631
          27 114405
